datum_eerste_toelating,kenteken
1929.0,1
1933.0,1
1941.0,1
1942.0,1
1948.0,1
1951.0,1
1953.0,1
1955.0,1
1956.0,1
1957.0,1
1959.0,1
1960.0,1
1964.0,1
1965.0,3
1968.0,2
1969.0,4
1970.0,2
1971.0,4
1972.0,4
1973.0,1
1974.0,2
1975.0,6
1976.0,4
1977.0,2
1978.0,2
1980.0,8
1981.0,3
1982.0,5
1983.0,6
1984.0,6
1985.0,9
1986.0,7
1987.0,7
1988.0,6
1989.0,12
1990.0,4
1991.0,1
1992.0,5
1993.0,5
1994.0,9
1995.0,10
1996.0,6
1997.0,4
1998.0,10
1999.0,16
2000.0,21
2001.0,19
2002.0,17
2003.0,131
2004.0,30
2005.0,52
2006.0,38
2007.0,54
2008.0,65
2009.0,66
2010.0,198
2011.0,70
2012.0,89
2013.0,60
2014.0,65
2015.0,92
2016.0,158
2017.0,247
2018.0,167
2019.0,142
2020.0,131
2021.0,151
2022.0,81
2023.0,256
2024.0,143
2025.0,157
2026.0,111
